[
  1, 3, 4, 5, 6, 8, 9, 10, 11, 12,
  13, 14, 15, 17, 18, 19, 4014, 20, 21, 22,
  23, 4015, 24, 25, 26, 9229, 27, 9015, 143, 30,
  32, 33, 34, 223, 225, 37, 38, 39, 40, 227,
  42, 43, 44, 45, 46, 47, 48, 49, 50, 51,
  52, 53, 54, 55, 56, 57, 58, 59, 60, 62,
  63, 64, 66, 69, 71, 4016, 72, 73, 75, 76,
  77, 78, 80, 81, 82, 84, 85, 86, 87, 91,
  141, 92, 94, 222, 95, 96, 97, 98, 99, 100,
  224, 102, 103, 104, 200, 105, 106, 107, 108, 109,
  110, 111, 112, 114, 116, 117, 119, 121, 123, 226,
  201, 9012, 126, 127, 128, 147, 129, 131, 132, 133,
  9011, 135, 137, 139
]